72,2
72,1
72,0
71,5
71,4
71,3
71,2
71,1
71,0
70,4
70,3
70,2
70,1
70,0
69,3
69,2
69,1
69,0
68,5
68,4
68,3
68,2
68,1
68,0
67,5
67,4
67,3
67,2
67,1
67,0
66,7
66,6
66,5
66,4
66,3
66,2
66,1
66,0
65,6
65,5
65,4
65,3
10,198
10,216
65,2
65,1
65,0
64,4
64,3
10,122
64,2
64,1
64,0
63,4
63,3
10,284
10,78
10,144
10,178
63,2
63,1
63,0
62,4
62,3
62,2
62,1
62,0
61,3
61,2
61,1
61,0
60,4
60,3
10,180
60,2
60,1
60,0
59,10
11,6
11,14
59,9
11,2
59,8
59,7
59,6
59,5
59,4
59,3
9,4
59,2
59,1
35,20
35,19
35,18
9,6
8,9
8,16
8,12
8,4
35,17
35,16
8,11
35,15
35,14
35,13
35,1
34,9
34,8
34,7
34,6
34,1
33,129
33,128
33,127
33,126
33,125
33,124
33,123
33,122
33,121
12,3
12,2
12,1
11,27
11,24
11,23
11,22
11,21
11,19
